Packet 0
170
FF 00000000000000

Packet 1
170
00 02470415A8FFFF
01 015A73A0116700
02 00090000000000
03 0561000000FFFF
04 00000000000000
05 00000000000000
06 00000000000000
FF 00000000000000

Packet 2
170
00 024C0415A4FFFF
01 015973A0116B00
02 00090000000000
03 052E000000FFFF
04 00000000000000
05 00000000000000
06 00000000000000
FF 00000000000000

Packet 3
170
00 024C04159DFFFF
01 015D73A0117200
02 00090000000000
03 0561000000FFFF
04 00000000000000
05 00000000000000
06 00000000000000
FF 00000000000000

Packet 4
170
00 02490415BAFFFF
01 015B73A0115500
02 00090000000000
03 052E000000FFFF
04 00000000000000
05 00000000000000
06 00000000000000
FF 00000000000000

Packet 5
170
00 02460415ADFFFF
01 015C73A0116200
02 00090000000000
03 0548000000FFFF
04 00000000000000
05 00000000000000
06 00000000000000
FF 00000000000000

Packet 6
170
00 024A0415A2FFFF
01 015673A0116D00
02 00090000000000
03 052E000000FFFF
04 00000000000000
05 00000000000000
06 00000000000000
FF 00000000000000

Packet 7
170
00 024B04159AFFFF
01 015C73A0117500
02 00090000000000
03 0548000000FFFF
04 00000000000000
05 00000000000000
06 00000000000000
FF 00000000000000

Packet 8
170
00 024904159AFFFF
01 015B73A0117500
02 00090000000000
03 052E000000FFFF
04 00000000000000
05 00000000000000
06 00000000000000
FF 00000000000000

Packet 9
170
00 024704159FFFFF
01 015B73A0117000
02 00090000000000
03 0561000000FFFF
04 00000000000000
05 00000000000000
06 00000000000000
FF 00000000000000

Packet 10
170
00 02470415A6FFFF
01 015773A0116900
02 00090000000000
03 052E000000FFFF
04 00000000000000
05 00000000000000
06 00000000000000
FF 00000000000000

Packet 11
170
00 02440415C6FFFF
01 015C73A0114900
02 00090000000000
03 0548000000FFFF
04 00000000000000
05 00000000000000
06 00000000000000
FF 00000000000000

Packet 12
170
00 023F0415D7FFFF
01 015973A0113800
02 00090000000000
03 047B000000FFFF
04 00000000000000
05 00000000000000
06 00000000000000
FF 00000000000000

Packet 13
170
00 023F0415E7FFFF
01 015773A0112800
02 00090000000000
03 0561000000FFFF
04 00000000000000
05 00000000000000
06 00000000000000
FF 00000000000000

Packet 14
170
00 023D0415D5FFFF
01 015973A0113A00
02 00090000000000
03 052E000000FFFF
04 00000000000000
05 00000000000000
06 00000000000000
FF 00000000000000

Packet 15
170
00 02410415BCFFFF
01 015873A0115300
02 00090000000000
03 0561000000FFFF
04 00000000000000
05 00000000000000
06 00000000000000
FF 00000000000000

Packet 16
170
00 02480415A8FFFF
01 015B73A0116700
02 00090000000000
03 052E000000FFFF
04 00000000000000
05 00000000000000
06 00000000000000
FF 00000000000000

Packet 17
170
00 024B04159CFFFF
01 015F73A0117300
02 00090000000000
03 0548000000FFFF
04 00000000000000
05 00000000000000
06 00000000000000
FF 00000000000000

Packet 18
170
00 024C04158EFFFF
01 015D73A0118100
02 00090000000000
03 052E000000FFFF
04 00000000000000
05 00000000000000
06 00000000000000
FF 00000000000000

Packet 19
170
00 02490415B6FFFF
01 015E73A0115900
02 00090000000000
03 0561000000FFFF
04 00000000000000
05 00000000000000
06 00000000000000
FF 00000000000000

Packet 20
170
00 02480415A5FFFF
01 015C73A0116A00
02 00090000000000
03 052E000000FFFF
04 00000000000000
05 00000000000000
06 00000000000000
FF 00000000000000

Packet 21
170
00 02490415AEFFFF
01 015C73A0116100
02 00090000000000
03 0561000000FFFF
04 00000000000000
05 00000000000000
06 00000000000000
FF 00000000000000

Packet 22
170
00 02490415A8FFFF
01 015C73A0116700
02 00090000000000
03 052E000000FFFF
04 00000000000000
05 00000000000000
06 00000000000000
FF 00000000000000

Packet 23
170
00 02490415B4FFFF
01 015C73A0115B00
02 00090000000000
03 0561000000FFFF
04 00000000000000
05 00000000000000
06 00000000000000
FF 00000000000000

Packet 24
170
00 02450415AFFFFF
01 015C73A0116000
02 00090000000000
03 052E000000FFFF
04 00000000000000
05 00000000000000
06 00000000000000
FF 00000000000000

Packet 25
170
00 024604159AFFFF
01 015A73A0117500
02 00090000000000
03 0561000000FFFF
04 00000000000000
05 00000000000000
06 00000000000000
FF 00000000000000

Packet 26
170
00 024B04158BFFFF
01 015B73A0118400
02 00090000000000
03 052E000000FFFF
04 00000000000000
05 00000000000000
06 00000000000000
FF 00000000000000

Packet 27
170
00 024D041596FFFF
01 016073A0117900
02 00090000000000
03 0561000000FFFF
04 00000000000000
05 00000000000000
06 00000000000000
FF 00000000000000

Packet 28
170
00 025104156CFFFF
01 015E73A011A300
02 00090000000000
03 052E000000FFFF
04 00000000000000
05 00000000000000
06 00000000000000
FF 00000000000000

Packet 29
170
00 024E041599FFFF
01 015F73A0117600
02 00090000000000
03 0561000000FFFF
04 00000000000000
05 00000000000000
06 00000000000000
FF 00000000000000

Packet 30
170
00 02430415B3FFFF
01 015D73A0115C00
02 00090000000000
03 0515000000FFFF
04 00000000000000
05 00000000000000
06 00000000000000
FF 00000000000000

Packet 31
170
00 024804158BFFFF
01 015673A0118400
02 00090000000000
03 0548000000FFFF
04 00000000000000
05 00000000000000
06 00000000000000
FF 00000000000000

Packet 32
170
00 025904154FFFFF
01 015A73A011C000
02 00090000000000
03 0515000000FFFF
04 00000000000000
05 00000000000000
06 00000000000000
FF 00000000000000

Packet 33
170
00 025E041565FFFF
01 016273A011AA00
02 00090000000000
03 0548000000FFFF
04 00000000000000
05 00000000000000
06 00000000000000
FF 00000000000000

Packet 34
170
00 024D04158AFFFF
01 016273A0118500
02 00090000000000
03 0462000000FFFF
04 00000000000000
05 00000000000000
06 00000000000000
FF 00000000000000

Packet 35
170
00 0243041596FFFF
01 015673A0117900
02 00090000000000
03 052E000000FFFF
04 00000000000000
05 00000000000000
06 00000000000000
FF 00000000000000

Packet 36
170
00 024C041586FFFF
01 015673A0118900
02 00090000000000
03 0515000000FFFF
04 00000000000000
05 00000000000000
06 00000000000000
FF 00000000000000

Packet 37
170
00 024B0415A2FFFF
01 015D73A0116D00
02 00090000000000
03 0561000000FFFF
04 00000000000000
05 00000000000000
06 00000000000000
FF 00000000000000

Packet 38
170
00 0243041599FFFF
01 015973A0117600
02 00090000000000
03 052E000000FFFF
04 00000000000000
05 00000000000000
06 00000000000000
FF 00000000000000

Packet 39
170
00 0245041595FFFF
01 015673A0117A00
02 00090000000000
03 0561000000FFFF
04 00000000000000
05 00000000000000
06 00000000000000
FF 00000000000000

Packet 40
170
00 024A041587FFFF
01 015873A0118800
02 00090000000000
03 052E000000FFFF
04 00000000000000
05 00000000000000
06 00000000000000
FF 00000000000000

Packet 41
170
00 02480415C0FFFF
01 015B73A0114F00
02 00090000000000
03 0561000000FFFF
04 00000000000000
05 00000000000000
06 00000000000000
FF 00000000000000

Packet 42
170
00 023D0415DBFFFF
01 015B73A0113400
02 00090000000000
03 052E000000FFFF
04 00000000000000
05 00000000000000
06 00000000000000
FF 00000000000000

Packet 43
170
00 023B0415EAFFFF
01 015473A0112500
02 00090000000000
03 0548000000FFFF
04 00000000000000
05 00000000000000
06 00000000000000
FF 00000000000000

Packet 44
170
00 02420415D3FFFF
01 015773A0113C00
02 00090000000000
03 052E000000FFFF
04 00000000000000
05 00000000000000
06 00000000000000
FF 00000000000000

Packet 45
170
00 02460415C1FFFF
01 015873A0114E00
02 00090000000000
03 0561000000FFFF
04 00000000000000
05 00000000000000
06 00000000000000
FF 00000000000000

Packet 46
170
00 02480415B5FFFF
01 015C73A0115A00
02 00090000000000
03 052E000000FFFF
04 00000000000000
05 00000000000000
06 00000000000000
FF 00000000000000

Packet 47
170
00 024B041598FFFF
01 015973A0117700
02 00090000000000
03 0561000000FFFF
04 00000000000000
05 00000000000000
06 00000000000000
FF 00000000000000

Packet 48
170
00 024B0415A6FFFF
01 015D73A0116900
02 00090000000000
03 052E000000FFFF
04 00000000000000
05 00000000000000
06 00000000000000
FF 00000000000000

Packet 49
170
00 024A0415AAFFFF
01 015B73A0116500
02 00090000000000
03 0561000000FFFF
04 00000000000000
05 00000000000000
06 00000000000000
FF 00000000000000

Packet 50
170
00 02470415BEFFFF
01 015C73A0115100
02 00090000000000
03 0515000000FFFF
04 00000000000000
05 00000000000000
06 00000000000000
FF 00000000000000

Packet 51
170
00 02420415C9FFFF
01 015A73A0114600
02 00090000000000
03 047B000000FFFF
04 00000000000000
05 00000000000000
06 00000000000000
FF 00000000000000

Packet 52
170
00 02430415C2FFFF
01 015873A0114D00
02 00090000000000
03 04C8000000FFFF
04 00000000000000
05 00000000000000
06 00000000000000
FF 00000000000000

Packet 53
170
00 024A0415B6FFFF
01 015973A0115900
02 00090000000000
03 0561000000FFFF
04 00000000000000
05 00000000000000
06 00000000000000
FF 00000000000000

Packet 54
170
00 024A0415ADFFFF
01 015E73A0116200
02 00090000000000
03 052E000000FFFF
04 00000000000000
05 00000000000000
06 00000000000000
FF 00000000000000

Packet 55
170
00 02460415B7FFFF
01 015C73A0115800
02 00090000000000
03 0548000000FFFF
04 00000000000000
05 00000000000000
06 00000000000000
FF 00000000000000

Packet 56
170
00 02420415B4FFFF
01 015B73A0115B00
02 00090000000000
03 052E000000FFFF
04 00000000000000
05 00000000000000
06 00000000000000
FF 00000000000000

Packet 57
170
00 02420415ABFFFF
01 015873A0116400
02 00090000000000
03 0548000000FFFF
04 00000000000000
05 00000000000000
06 00000000000000
FF 00000000000000

Packet 58
170
00 0247041595FFFF
01 015973A0117A00
02 00090000000000
03 052E000000FFFF
04 00000000000000
05 00000000000000
06 00000000000000
FF 00000000000000

Packet 59
170
00 025104156BFFFF
01 015B73A011A400
02 00090000000000
03 0561000000FFFF
04 00000000000000
05 00000000000000
06 00000000000000
FF 00000000000000

Packet 60
170
00 025604156BFFFF
01 016073A011A400
02 00090000000000
03 052E000000FFFF
04 00000000000000
05 00000000000000
06 00000000000000
FF 00000000000000

Packet 61
170
00 025104157AFFFF
01 016073A0119500
02 00090000000000
03 0548000000FFFF
04 00000000000000
05 00000000000000
06 00000000000000
FF 00000000000000

Packet 62
170
00 02470415ACFFFF
01 015B73A0116300
02 00090000000000
03 052E000000FFFF
04 00000000000000
05 00000000000000
06 00000000000000
FF 00000000000000

Packet 63
170
00 023C0415CFFFFF
01 015873A0114000
02 00090000000000
03 0548000000FFFF
04 00000000000000
05 00000000000000
06 00000000000000
FF 00000000000000

Packet 64
170
00 02390415D6FFFF
01 015473A0113900
02 00090000000000
03 0515000000FFFF
04 00000000000000
05 00000000000000
06 00000000000000
FF 00000000000000

Packet 65
170
00 02400415B8FFFF
01 015673A0115700
02 00090000000000
03 0561000000FFFF
04 00000000000000
05 00000000000000
06 00000000000000
FF 00000000000000

Packet 66
170
00 02410415C8FFFF
01 015A73A0114700
02 00090000000000
03 052E000000FFFF
04 00000000000000
05 00000000000000
06 00000000000000
FF 00000000000000

Packet 67
170
00 02430415B8FFFF
01 015973A0115700
02 00090000000000
03 0548000000FFFF
04 00000000000000
05 00000000000000
06 00000000000000
FF 00000000000000

Packet 68
170
00 02490415B4FFFF
01 015B73A0115B00
02 00090000000000
03 052E000000FFFF
04 00000000000000
05 00000000000000
06 00000000000000
FF 00000000000000

Packet 69
170
00 024B0415AAFFFF
01 015C73A0116500
02 00090000000000
03 052E000000FFFF
04 00000000000000
05 00000000000000
06 00000000000000
FF 00000000000000

Packet 70
170
00 02480415B4FFFF
01 015D73A0115B00
02 00090000000000
03 0495000000FFFF
04 00000000000000
05 00000000000000
06 00000000000000
FF 00000000000000

Packet 71
170
00 02450415BFFFFF
01 015A73A0115000
02 00090000000000
03 0548000000FFFF
04 00000000000000
05 00000000000000
06 00000000000000
FF 00000000000000

Packet 72
170
00 02450415C5FFFF
01 015B73A0114A00
02 00090000000000
03 052E000000FFFF
04 00000000000000
05 00000000000000
06 00000000000000
FF 00000000000000

Packet 73
170
00 02450415B1FFFF
01 015A73A0115E00
02 00090000000000
03 0548000000FFFF
04 00000000000000
05 00000000000000
06 00000000000000
FF 00000000000000

Packet 74
170
00 02450415C1FFFF
01 015A73A0114E00
02 00090000000000
03 052E000000FFFF
04 00000000000000
05 00000000000000
06 00000000000000
FF 00000000000000

Packet 75
170
00 02450415AAFFFF
01 015B73A0116500
02 00090000000000
03 0548000000FFFF
04 00000000000000
05 00000000000000
06 00000000000000
FF 00000000000000

Packet 76
170
00 02480415B4FFFF
01 015973A0115B00
02 00090000000000
03 052E000000FFFF
04 00000000000000
05 00000000000000
06 00000000000000
FF 00000000000000

Packet 77
170
00 02490415A1FFFF
01 015C73A0116E00
02 00090000000000
03 0548000000FFFF
04 00000000000000
05 00000000000000
06 00000000000000
FF 00000000000000

Packet 78
170
00 024E041593FFFF
01 015B73A0117C00
02 00090000000000
03 052E000000FFFF
04 00000000000000
05 00000000000000
06 00000000000000
FF 00000000000000

Packet 79
170
00 0251041587FFFF
01 015D73A0118800
02 00090000000000
03 0561000000FFFF
04 00000000000000
05 00000000000000
06 00000000000000
FF 00000000000000

Packet 80
170
00 024D0415A8FFFF
01 015C73A0116700
02 00090000000000
03 0548000000FFFF
04 00000000000000
05 00000000000000
06 00000000000000
FF 00000000000000

Packet 81
170
00 02470415A8FFFF
01 015A73A0116700
02 00090000000000
03 0548000000FFFF
04 00000000000000
05 00000000000000
06 00000000000000
FF 00000000000000

Packet 82
170
00 02460415C2FFFF
01 015873A0114D00
02 00090000000000
03 052E000000FFFF
04 00000000000000
05 00000000000000
06 00000000000000
FF 00000000000000

Packet 83
170
00 02440415BAFFFF
01 015973A0115500
02 00090000000000
03 0548000000FFFF
04 00000000000000
05 00000000000000
06 00000000000000
FF 00000000000000

Packet 84
170
00 02430415BBFFFF
01 015973A0115400
02 00090000000000
03 052E000000FFFF
04 00000000000000
05 00000000000000
06 00000000000000
FF 00000000000000

Packet 85
170
00 02470415AEFFFF
01 015873A0116100
02 00090000000000
03 0548000000FFFF
04 00000000000000
05 00000000000000
06 00000000000000
FF 00000000000000

Packet 86
170
00 024A0415A9FFFF
01 015B73A0116600
02 00090000000000
03 0548000000FFFF
04 00000000000000
05 00000000000000
06 00000000000000
FF 00000000000000

Packet 87
170
00 02480415BBFFFF
01 015D73A0115400
02 00090000000000
03 0548000000FFFF
04 00000000000000
05 00000000000000
06 00000000000000
FF 00000000000000

Packet 88
170
00 02460415BFFFFF
01 015B73A0115000
02 00090000000000
03 0515000000FFFF
04 00000000000000
05 00000000000000
06 00000000000000
FF 00000000000000

Packet 89
170
00 02460415C2FFFF
01 015B73A0114D00
02 00090000000000
03 047B000000FFFF
04 00000000000000
05 00000000000000
06 00000000000000
FF 00000000000000

Packet 90
170
00 02450415BAFFFF
01 015873A0115500
02 00090000000000
03 052E000000FFFF
04 00000000000000
05 00000000000000
06 00000000000000
FF 00000000000000

Packet 91
170
00 02470415BFFFFF
01 015A73A0115000
02 00090000000000
03 0548000000FFFF
04 00000000000000
05 00000000000000
06 00000000000000
FF 00000000000000

Packet 92
170
00 02440415BFFFFF
01 015B73A0115000
02 00090000000000
03 0548000000FFFF
04 00000000000000
05 00000000000000
06 00000000000000
FF 00000000000000

Packet 93
170
00 024704159AFFFF
01 015973A0117500
02 00090000000000
03 0548000000FFFF
04 00000000000000
05 00000000000000
06 00000000000000
FF 00000000000000

Packet 94
170
00 025104157DFFFF
01 015A73A0119200
02 00090000000000
03 0548000000FFFF
04 00000000000000
05 00000000000000
06 00000000000000
FF 00000000000000

Packet 95
170
00 0251041583FFFF
01 016073A0118C00
02 00090000000000
03 0548000000FFFF
04 00000000000000
05 00000000000000
06 00000000000000
FF 00000000000000

Packet 96
170
00 024E04157DFFFF
01 015E73A0119200
02 00090000000000
03 0548000000FFFF
04 00000000000000
05 00000000000000
06 00000000000000
FF 00000000000000

Packet 97
170
00 024E041577FFFF
01 015C73A0119800
02 00090000000000
03 0548000000FFFF
04 00000000000000
05 00000000000000
06 00000000000000
FF 00000000000000

Packet 98
170
00 024E04157DFFFF
01 015B73A0119200
02 00090000000000
03 0548000000FFFF
04 00000000000000
05 00000000000000
06 00000000000000
FF 00000000000000

Packet 99
170
00 024A041596FFFF
01 015C73A0117900
02 00090000000000
03 0548000000FFFF
04 00000000000000
05 00000000000000
06 00000000000000
FF 00000000000000

Packet 100
170
00 024B04158CFFFF
01 015B73A0118300
02 00090000000000
03 0548000000FFFF
04 00000000000000
05 00000000000000
06 00000000000000
FF 00000000000000

Packet 101
170
00 024B0415ADFFFF
01 015B73A0116200
02 00090000000000
03 0548000000FFFF
04 00000000000000
05 00000000000000
06 00000000000000
FF 00000000000000

Packet 102
170
00 02430415B6FFFF
01 015B73A0115900
02 00090000000000
03 052E000000FFFF
04 00000000000000
05 00000000000000
06 00000000000000
FF 00000000000000

Packet 103
170
00 02420415AEFFFF
01 015973A0116100
02 00090000000000
03 0548000000FFFF
04 00000000000000
05 00000000000000
06 00000000000000
FF 00000000000000

Packet 104
170
00 024F041584FFFF
01 015A73A0118B00
02 00090000000000
03 0548000000FFFF
04 00000000000000
05 00000000000000
06 00000000000000
FF 00000000000000

Packet 105
170
00 024E0415A1FFFF
01 015E73A0116E00
02 00090000000000
03 0548000000FFFF
04 00000000000000
05 00000000000000
06 00000000000000
FF 00000000000000

Packet 106
170
00 02400415A7FFFF
01 015C73A0116800
02 00090000000000
03 0548000000FFFF
04 00000000000000
05 00000000000000
06 00000000000000
FF 00000000000000

Packet 107
170
00 023E0415B4FFFF
01 015473A0115B00
02 00090000000000
03 0548000000FFFF
04 00000000000000
05 00000000000000
06 00000000000000
FF 00000000000000

Packet 108
170
00 024904157BFFFF
01 015673A0119400
02 00090000000000
03 0548000000FFFF
04 00000000000000
05 00000000000000
06 00000000000000
FF 00000000000000

Packet 109
170
00 025304157EFFFF
01 015A73A0119100
02 00090000000000
03 0548000000FFFF
04 00000000000000
05 00000000000000
06 00000000000000
FF 00000000000000

Packet 110
170
00 0254041565FFFF
01 015F73A011AA00
02 00090000000000
03 0548000000FFFF
04 00000000000000
05 00000000000000
06 00000000000000
FF 00000000000000

Packet 111
170
00 0251041581FFFF
01 015D73A0118E00
02 00090000000000
03 0548000000FFFF
04 00000000000000
05 00000000000000
06 00000000000000
FF 00000000000000

Packet 112
170
00 02480415A5FFFF
01 015B73A0116A00
02 00090000000000
03 047B000000FFFF
04 00000000000000
05 00000000000000
06 00000000000000
FF 00000000000000

Packet 113
170
00 023E0415D0FFFF
01 015773A0113F00
02 00090000000000
03 0548000000FFFF
04 00000000000000
05 00000000000000
06 00000000000000
FF 00000000000000

Packet 114
170
00 023D0415C2FFFF
01 015573A0114D00
02 00090000000000
03 0548000000FFFF
04 00000000000000
05 00000000000000
06 00000000000000
FF 00000000000000

Packet 115
170
00 023E0415CAFFFF
01 015473A0114500
02 00090000000000
03 0548000000FFFF
04 00000000000000
05 00000000000000
06 00000000000000
FF 00000000000000

Packet 116
170
00 02410415B3FFFF
01 015873A0115C00
02 00090000000000
03 0548000000FFFF
04 00000000000000
05 00000000000000
06 00000000000000
FF 00000000000000

Packet 117
170
00 02490415ABFFFF
01 015873A0116400
02 00090000000000
03 0548000000FFFF
04 00000000000000
05 00000000000000
06 00000000000000
FF 00000000000000

Packet 118
170
00 025304157DFFFF
01 015C73A0119200
02 00090000000000
03 0548000000FFFF
04 00000000000000
05 00000000000000
06 00000000000000
FF 00000000000000

Packet 119
170
00 0255041576FFFF
01 015D73A0119900
02 00090000000000
03 0548000000FFFF
04 00000000000000
05 00000000000000
06 00000000000000
FF 00000000000000

Packet 120
170
00 0250041588FFFF
01 016073A0118700
02 00090000000000
03 0548000000FFFF
04 00000000000000
05 00000000000000
06 00000000000000
FF 00000000000000

Packet 121
170
00 02470415A8FFFF
01 015A73A0116700
02 00090000000000
03 0548000000FFFF
04 00000000000000
05 00000000000000
06 00000000000000
FF 00000000000000

Packet 122
170
00 02460415A7FFFF
01 015873A0116800
02 00090000000000
03 0548000000FFFF
04 00000000000000
05 00000000000000
06 00000000000000
FF 00000000000000

Packet 123
170
00 02460415B6FFFF
01 015673A0115900
02 00090000000000
03 0548000000FFFF
04 00000000000000
05 00000000000000
06 00000000000000
FF 00000000000000

Packet 124
170
00 02460415B6FFFF
01 015973A0115900
02 00090000000000
03 0548000000FFFF
04 00000000000000
05 00000000000000
06 00000000000000
FF 00000000000000

Packet 125
170
00 02440415BAFFFF
01 015873A0115500
02 00090000000000
03 0548000000FFFF
04 00000000000000
05 00000000000000
06 00000000000000
FF 00000000000000

Packet 126
170
00 02420415B8FFFF
01 015773A0115700
02 00090000000000
03 0548000000FFFF
04 00000000000000
05 00000000000000
06 00000000000000
FF 00000000000000

Packet 127
170
00 02450415B1FFFF
01 015773A0115E00
02 00090000000000
03 0548000000FFFF
04 00000000000000
05 00000000000000
06 00000000000000
FF 00000000000000

Packet 128
170
00 024E04158EFFFF
01 015973A0118100
02 00090000000000
03 0548000000FFFF
04 00000000000000
05 00000000000000
06 00000000000000
FF 00000000000000

Packet 129
170
00 025104158FFFFF
01 015D73A0118000
02 00090000000000
03 0548000000FFFF
04 00000000000000
05 00000000000000
06 00000000000000
FF 00000000000000

Packet 130
170
00 024F041597FFFF
01 015F73A0117800
02 00090000000000
03 0548000000FFFF
04 00000000000000
05 00000000000000
06 00000000000000
FF 00000000000000

Packet 131
170
00 02490415B7FFFF
01 015D73A0115800
02 00090000000000
03 052E000000FFFF
04 00000000000000
05 00000000000000
06 00000000000000
FF 00000000000000

Packet 132
170
00 02430415BBFFFF
01 015A73A0115400
02 00090000000000
03 04E2000000FFFF
04 00000000000000
05 00000000000000
06 00000000000000
FF 00000000000000

Packet 133
170
00 02430415BAFFFF
01 015673A0115500
02 00090000000000
03 0548000000FFFF
04 00000000000000
05 00000000000000
06 00000000000000
FF 00000000000000

Packet 134
170
00 02480415B2FFFF
01 015A73A0115D00
02 00090000000000
03 0548000000FFFF
04 00000000000000
05 00000000000000
06 00000000000000
FF 00000000000000

Packet 135
170
00 024A04159EFFFF
01 015973A0117100
02 00090000000000
03 0548000000FFFF
04 00000000000000
05 00000000000000
06 00000000000000
FF 00000000000000

Packet 136
170
00 024B041593FFFF
01 015B73A0117C00
02 00090000000000
03 0548000000FFFF
04 00000000000000
05 00000000000000
06 00000000000000
FF 00000000000000

Packet 137
170
00 024C04158EFFFF
01 015B73A0118100
02 00090000000000
03 0548000000FFFF
04 00000000000000
05 00000000000000
06 00000000000000
FF 00000000000000

Packet 138
170
00 024A041590FFFF
01 015C73A0117F00
02 00090000000000
03 0548000000FFFF
04 00000000000000
05 00000000000000
06 00000000000000
FF 00000000000000

Packet 139
170
00 024804158CFFFF
01 015873A0118300
02 00090000000000
03 0548000000FFFF
04 00000000000000
05 00000000000000
06 00000000000000
FF 00000000000000

Packet 140
170
00 024A04158CFFFF
01 015873A0118300
02 00090000000000
03 0548000000FFFF
04 00000000000000
05 00000000000000
06 00000000000000
FF 00000000000000

Packet 141
170
00 024F04158BFFFF
01 015B73A0118400
02 00090000000000
03 0548000000FFFF
04 00000000000000
05 00000000000000
06 00000000000000
FF 00000000000000

Packet 142
170
00 02490415A7FFFF
01 015C73A0116800
02 00090000000000
03 0548000000FFFF
04 00000000000000
05 00000000000000
06 00000000000000
FF 00000000000000

Packet 143
170
00 023F0415B2FFFF
01 015973A0115D00
02 00090000000000
03 0548000000FFFF
04 00000000000000
05 00000000000000
06 00000000000000
FF 00000000000000

Packet 144
170
00 02430415B1FFFF
01 015573A0115E00
02 00090000000000
03 0548000000FFFF
04 00000000000000
05 00000000000000
06 00000000000000
FF 00000000000000

Packet 145
170
00 025004157EFFFF
01 015973A0119100
02 00090000000000
03 052E000000FFFF
04 00000000000000
05 00000000000000
06 00000000000000
FF 00000000000000

Packet 146
170
00 025704157AFFFF
01 015E73A0119500
02 00090000000000
03 0548000000FFFF
04 00000000000000
05 00000000000000
06 00000000000000
FF 00000000000000

Packet 147
170
00 0252041574FFFF
01 016173A0119B00
02 00090000000000
03 0548000000FFFF
04 00000000000000
05 00000000000000
06 00000000000000
FF 00000000000000

Packet 148
170
00 024804158EFFFF
01 015A73A0118100
02 00090000000000
03 0548000000FFFF
04 00000000000000
05 00000000000000
06 00000000000000
FF 00000000000000

Packet 149
170
00 024404158EFFFF
01 015773A0118100
02 00090000000000
03 0548000000FFFF
04 00000000000000
05 00000000000000
06 00000000000000
FF 00000000000000

Packet 150
170
00 02400415BAFFFF
01 015773A0115500
02 00090000000000
03 0548000000FFFF
04 00000000000000
05 00000000000000
06 00000000000000
FF 00000000000000

Packet 151
170
00 024504158EFFFF
01 015673A0118100
02 00090000000000
03 0548000000FFFF
04 00000000000000
05 00000000000000
06 00000000000000
FF 00000000000000

Packet 152
170
00 025404156AFFFF
01 015973A011A500
02 00090000000000
03 0561000000FFFF
04 00000000000000
05 00000000000000
06 00000000000000
FF 00000000000000

Packet 153
170
00 025904155AFFFF
01 016073A011B500
02 00090000000000
03 0548000000FFFF
04 00000000000000
05 00000000000000
06 00000000000000
FF 00000000000000

Packet 154
170
00 0251041584FFFF
01 016073A0118B00
02 00090000000000
03 0548000000FFFF
04 00000000000000
05 00000000000000
06 00000000000000
FF 00000000000000

Packet 155
170
00 0248041583FFFF
01 015973A0118C00
02 00090000000000
03 052E000000FFFF
04 00000000000000
05 00000000000000
06 00000000000000
FF 00000000000000

Packet 156
170
00 024904159BFFFF
01 015673A0117400
02 00090000000000
03 04AE000000FFFF
04 00000000000000
05 00000000000000
06 00000000000000
FF 00000000000000

Packet 157
170
00 024C041582FFFF
01 015973A0118D00
02 00090000000000
03 0495000000FFFF
04 00000000000000
05 00000000000000
06 00000000000000
FF 00000000000000

Packet 158
170
00 024C0415A2FFFF
01 015873A0116D00
02 00090000000000
03 0548000000FFFF
04 00000000000000
05 00000000000000
06 00000000000000
FF 00000000000000

Packet 159
170
00 024B041591FFFF
01 015B73A0117E00
02 00090000000000
03 0548000000FFFF
04 00000000000000
05 00000000000000
06 00000000000000
FF 00000000000000

Packet 160
170
00 024B04158CFFFF
01 015873A0118300
02 00090000000000
03 0561000000FFFF
04 00000000000000
05 00000000000000
06 00000000000000
FF 00000000000000

Packet 161
170
00 024E041576FFFF
01 015873A0119900
02 00090000000000
03 0548000000FFFF
04 00000000000000
05 00000000000000
06 00000000000000
FF 00000000000000

Packet 162
170
00 024E041588FFFF
01 015A73A0118700
02 00090000000000
03 0561000000FFFF
04 00000000000000
05 00000000000000
06 00000000000000
FF 00000000000000

Packet 163
170
00 02440415B8FFFF
01 015A73A0115700
02 00090000000000
03 0548000000FFFF
04 00000000000000
05 00000000000000
06 00000000000000
FF 00000000000000

Packet 164
170
00 02390415EAFFFF
01 015573A0112500
02 00090000000000
03 0561000000FFFF
04 00000000000000
05 00000000000000
06 00000000000000
FF 00000000000000

Packet 165
170
00 023E0415CDFFFF
01 015373A0114200
02 00090000000000
03 052E000000FFFF
04 00000000000000
05 00000000000000
06 00000000000000
FF 00000000000000

Packet 166
170
00 02490415CAFFFF
01 015873A0114500
02 00090000000000
03 0561000000FFFF
04 00000000000000
05 00000000000000
06 00000000000000
FF 00000000000000

Packet 167
170
00 024F04159DFFFF
01 015F73A0117200
02 00090000000000
03 0548000000FFFF
04 00000000000000
05 00000000000000
06 00000000000000
FF 00000000000000

Packet 168
170
00 0256041583FFFF
01 015E73A0118C00
02 00090000000000
03 0561000000FFFF
04 00000000000000
05 00000000000000
06 00000000000000
FF 00000000000000

Packet 169
170
00 025604157AFFFF
01 015F73A0119500
02 00090000000000
03 0548000000FFFF
04 00000000000000
05 00000000000000
06 00000000000000
FF 00000000000000

Packet 170
170
00 024E041593FFFF
01 015B73A0117C00
02 00090000000000
03 0561000000FFFF
04 00000000000000
05 00000000000000
06 00000000000000
FF 00000000000000

Packet 171
170
00 024904159AFFFF
01 015973A0117500
02 00090000000000
03 052E000000FFFF
04 00000000000000
05 00000000000000
06 00000000000000
FF 00000000000000

Packet 172
170
00 02470415A5FFFF
01 015673A0116A00
02 00090000000000
03 0548000000FFFF
04 00000000000000
05 00000000000000
06 00000000000000
FF 00000000000000

Packet 173
170
00 0245041598FFFF
01 015773A0117700
02 00090000000000
03 0548000000FFFF
04 00000000000000
05 00000000000000
06 00000000000000
FF 00000000000000

Packet 174
170
00 024C04158CFFFF
01 015673A0118300
02 00090000000000
03 0561000000FFFF
04 00000000000000
05 00000000000000
06 00000000000000
FF 00000000000000

Packet 175
170
00 024D041593FFFF
01 015B73A0117C00
02 00090000000000
03 0548000000FFFF
04 00000000000000
05 00000000000000
06 00000000000000
FF 00000000000000

Packet 176
170
00 02460415BBFFFF
01 015A73A0115400
02 00090000000000
03 0561000000FFFF
04 00000000000000
05 00000000000000
06 00000000000000
FF 00000000000000

Packet 177
170
00 02430415C7FFFF
01 015873A0114800
02 00090000000000
03 052E000000FFFF
04 00000000000000
05 00000000000000
06 00000000000000
FF 00000000000000

Packet 178
170
00 02480415B2FFFF
01 015773A0115D00
02 00090000000000
03 0515000000FFFF
04 00000000000000
05 00000000000000
06 00000000000000
FF 00000000000000

Packet 179
170
00 024D0415A4FFFF
01 015B73A0116B00
02 00090000000000
03 0495000000FFFF
04 00000000000000
05 00000000000000
06 00000000000000
FF 00000000000000

Packet 180
170
00 024C0415A5FFFF
01 015B73A0116A00
02 00090000000000
03 052E000000FFFF
04 00000000000000
05 00000000000000
06 00000000000000
FF 00000000000000

Packet 181
170
00 024A0415AAFFFF
01 015B73A0116500
02 00090000000000
03 052E000000FFFF
04 00000000000000
05 00000000000000
06 00000000000000
FF 00000000000000

Packet 182
170
00 02490415A2FFFF
01 015873A0116D00
02 00090000000000
03 0561000000FFFF
04 00000000000000
05 00000000000000
06 00000000000000
FF 00000000000000

Packet 183
170
00 02440415B0FFFF
01 015B73A0115F00
02 00090000000000
03 052E000000FFFF
04 00000000000000
05 00000000000000
06 00000000000000
FF 00000000000000

Packet 184
170
00 0245041599FFFF
01 015773A0117600
02 00090000000000
03 0561000000FFFF
04 00000000000000
05 00000000000000
06 00000000000000
FF 00000000000000

Packet 185
170
00 024F04157FFFFF
01 015973A0119000
02 00090000000000
03 052E000000FFFF
04 00000000000000
05 00000000000000
06 00000000000000
FF 00000000000000

Packet 186
170
00 0252041567FFFF
01 015D73A011A800
02 00090000000000
03 0561000000FFFF
04 00000000000000
05 00000000000000
06 00000000000000
FF 00000000000000

Packet 187
170
00 0252041567FFFF
01 015D73A011A800
02 00090000000000
03 0548000000FFFF
04 00000000000000
05 00000000000000
06 00000000000000
FF 00000000000000

Packet 188
170
00 025404155CFFFF
01 015C73A011B300
02 00090000000000
03 0561000000FFFF
04 00000000000000
05 00000000000000
06 00000000000000
FF 00000000000000

Packet 189
170
00 024D041598FFFF
01 015C73A0117700
02 00090000000000
03 052E000000FFFF
04 00000000000000
05 00000000000000
06 00000000000000
FF 00000000000000

Packet 190
170
00 024404159BFFFF
01 015973A0117400
02 00090000000000
03 0561000000FFFF
04 00000000000000
05 00000000000000
06 00000000000000
FF 00000000000000

Packet 191
170
00 024A041595FFFF
01 015573A0117A00
02 00090000000000
03 052E000000FFFF
04 00000000000000
05 00000000000000
06 00000000000000
FF 00000000000000

Packet 192
170
00 024F04158AFFFF
01 015B73A0118500
02 00090000000000
03 0561000000FFFF
04 00000000000000
05 00000000000000
06 00000000000000
FF 00000000000000

Packet 193
170
00 024B04159AFFFF
01 015B73A0117500
02 00090000000000
03 052E000000FFFF
04 00000000000000
05 00000000000000
06 00000000000000
FF 00000000000000

Packet 194
170
00 024A04158CFFFF
01 015973A0118300
02 00090000000000
03 0561000000FFFF
04 00000000000000
05 00000000000000
06 00000000000000
FF 00000000000000

Packet 195
170
00 024D041586FFFF
01 015A73A0118900
02 00090000000000
03 052E000000FFFF
04 00000000000000
05 00000000000000
06 00000000000000
FF 00000000000000

Packet 196
170
00 024D041581FFFF
01 015A73A0118E00
02 00090000000000
03 0548000000FFFF
04 00000000000000
05 00000000000000
06 00000000000000
FF 00000000000000

Packet 197
170
00 024C041583FFFF
01 015B73A0118C00
02 00090000000000
03 052E000000FFFF
04 00000000000000
05 00000000000000
06 00000000000000
FF 00000000000000

Packet 198
170
00 024D041562FFFF
01 015873A011AD00
02 00090000000000
03 0561000000FFFF
04 00000000000000
05 00000000000000
06 00000000000000
FF 00000000000000

Packet 199
170
00 024F04155FFFFF
01 015973A011B000
02 00090000000000
03 0548000000FFFF
04 00000000000000
05 00000000000000
06 00000000000000
FF 00000000000000

Packet 200
170
00 024D041569FFFF
01 015A73A011A600
02 00090000000000
03 0561000000FFFF
04 00000000000000
05 00000000000000
06 00000000000000
FF 00000000000000

Packet 201
170
00 02470415A7FFFF
01 015873A0116800
02 00090000000000
03 052E000000FFFF
04 00000000000000
05 00000000000000
06 00000000000000
FF 00000000000000

Packet 202
170
00 024204159CFFFF
01 015473A0117300
02 00090000000000
03 0548000000FFFF
04 00000000000000
05 00000000000000
06 00000000000000
FF 00000000000000

Packet 203
170
00 024704158EFFFF
01 015273A0118100
02 00090000000000
03 0515000000FFFF
04 00000000000000
05 00000000000000
06 00000000000000
FF 00000000000000

Packet 204
170
00 025404155AFFFF
01 015673A011B500
02 00090000000000
03 0548000000FFFF
04 00000000000000
05 00000000000000
06 00000000000000
FF 00000000000000

Packet 205
170
00 0259041564FFFF
01 015C73A011AB00
02 00090000000000
03 0515000000FFFF
04 00000000000000
05 00000000000000
06 00000000000000
FF 00000000000000

Packet 206
170
00 025004157DFFFF
01 015C73A0119200
02 00090000000000
03 04AE000000FFFF
04 00000000000000
05 00000000000000
06 00000000000000
FF 00000000000000

Packet 207
170
00 02430415A6FFFF
01 015573A0116900
02 00090000000000
03 052E000000FFFF
04 00000000000000
05 00000000000000
06 00000000000000
FF 00000000000000

Packet 208
170
00 02400415A6FFFF
01 015273A0116900
02 00090000000000
03 0561000000FFFF
04 00000000000000
05 00000000000000
06 00000000000000
FF 00000000000000

Packet 209
170
00 024A04158AFFFF
01 015373A0118500
02 00090000000000
03 052E000000FFFF
04 00000000000000
05 00000000000000
06 00000000000000
FF 00000000000000

Packet 210
170
00 025704155BFFFF
01 015873A011B400
02 00090000000000
03 0561000000FFFF
04 00000000000000
05 00000000000000
06 00000000000000
FF 00000000000000

Packet 211
170
00 0259041558FFFF
01 015C73A011B700
02 00090000000000
03 052E000000FFFF
04 00000000000000
05 00000000000000
06 00000000000000
FF 00000000000000

Packet 212
170
00 0250041564FFFF
01 015C73A011AB00
02 00090000000000
03 0561000000FFFF
04 00000000000000
05 00000000000000
06 00000000000000
FF 00000000000000

Packet 213
170
00 024804157FFFFF
01 015673A0119000
02 00090000000000
03 0548000000FFFF
04 00000000000000
05 00000000000000
06 00000000000000
FF 00000000000000

Packet 214
170
00 0247041587FFFF
01 015673A0118800
02 00090000000000
03 0561000000FFFF
04 00000000000000
05 00000000000000
06 00000000000000
FF 00000000000000

Packet 215
170
00 02440415A7FFFF
01 015473A0116800
02 00090000000000
03 052E000000FFFF
04 00000000000000
05 00000000000000
06 00000000000000
FF 00000000000000

Packet 216
170
00 024704158AFFFF
01 015473A0118500
02 00090000000000
03 0561000000FFFF
04 00000000000000
05 00000000000000
06 00000000000000
FF 00000000000000

Packet 217
170
00 024C04159DFFFF
01 015373A0117200
02 00090000000000
03 052E000000FFFF
04 00000000000000
05 00000000000000
06 00000000000000
FF 00000000000000

Packet 218
170
00 024B04159EFFFF
01 015973A0117100
02 00090000000000
03 0561000000FFFF
04 00000000000000
05 00000000000000
06 00000000000000
FF 00000000000000

Packet 219
170
00 02470415BEFFFF
01 015673A0115100
02 00090000000000
03 052E000000FFFF
04 00000000000000
05 00000000000000
06 00000000000000
FF 00000000000000

Packet 220
170
00 02440415AFFFFF
01 015673A0116000
02 00090000000000
03 0561000000FFFF
04 00000000000000
05 00000000000000
06 00000000000000
FF 00000000000000

Packet 221
170
00 02480415A4FFFF
01 015473A0116B00
02 00090000000000
03 052E000000FFFF
04 00000000000000
05 00000000000000
06 00000000000000
FF 00000000000000

Packet 222
170
00 024E041590FFFF
01 015973A0117F00
02 00090000000000
03 0561000000FFFF
04 00000000000000
05 00000000000000
06 00000000000000
FF 00000000000000

Packet 223
170
00 024F04158DFFFF
01 015973A0118200
02 00090000000000
03 052E000000FFFF
04 00000000000000
05 00000000000000
06 00000000000000
FF 00000000000000

Packet 224
170
00 024E04157DFFFF
01 015973A0119200
02 00090000000000
03 0561000000FFFF
04 00000000000000
05 00000000000000
06 00000000000000
FF 00000000000000

Packet 225
170
00 024E041575FFFF
01 015773A0119A00
02 00090000000000
03 052E000000FFFF
04 00000000000000
05 00000000000000
06 00000000000000
FF 00000000000000

Packet 226
170
00 024A0415A3FFFF
01 015873A0116C00
02 00090000000000
03 0561000000FFFF
04 00000000000000
05 00000000000000
06 00000000000000
FF 00000000000000

Packet 227
170
00 02410415CFFFFF
01 015673A0114000
02 00090000000000
03 04E2000000FFFF
04 00000000000000
05 00000000000000
06 00000000000000
FF 00000000000000

Packet 228
170
00 023C0415CEFFFF
01 015373A0114100
02 00090000000000
03 052E000000FFFF
04 00000000000000
05 00000000000000
06 00000000000000
FF 00000000000000

Packet 229
170
00 02430415C0FFFF
01 015273A0114F00
02 00090000000000
03 052E000000FFFF
04 00000000000000
05 00000000000000
06 00000000000000
FF 00000000000000

Packet 230
170
00 02480415B6FFFF
01 015873A0115900
02 00090000000000
03 0561000000FFFF
04 00000000000000
05 00000000000000
06 00000000000000
FF 00000000000000

Packet 231
170
00 02460415B9FFFF
01 015873A0115600
02 00090000000000
03 052E000000FFFF
04 00000000000000
05 00000000000000
06 00000000000000
FF 00000000000000

Packet 232
170
00 023F0415C8FFFF
01 015773A0114700
02 00090000000000
03 0561000000FFFF
04 00000000000000
05 00000000000000
06 00000000000000
FF 00000000000000

Packet 233
170
00 02400415A1FFFF
01 015473A0116E00
02 00090000000000
03 052E000000FFFF
04 00000000000000
05 00000000000000
06 00000000000000
FF 00000000000000

Packet 234
170
00 024F041588FFFF
01 015673A0118700
02 00090000000000
03 0561000000FFFF
04 00000000000000
05 00000000000000
06 00000000000000
FF 00000000000000

Packet 235
170
00 025404156CFFFF
01 015D73A011A300
02 00090000000000
03 052E000000FFFF
04 00000000000000
05 00000000000000
06 00000000000000
FF 00000000000000

Packet 236
170
00 0253041577FFFF
01 015C73A0119800
02 00090000000000
03 0561000000FFFF
04 00000000000000
05 00000000000000
06 00000000000000
FF 00000000000000

Packet 237
170
00 024D041582FFFF
01 015B73A0118D00
02 00090000000000
03 052E000000FFFF
04 00000000000000
05 00000000000000
06 00000000000000
FF 00000000000000

Packet 238
170
00 024A041597FFFF
01 015673A0117800
02 00090000000000
03 0561000000FFFF
04 00000000000000
05 00000000000000
06 00000000000000
FF 00000000000000

Packet 239
170
00 024A041588FFFF
01 015773A0118700
02 00090000000000
03 052E000000FFFF
04 00000000000000
05 00000000000000
06 00000000000000
FF 00000000000000

Packet 240
170
00 024B04158DFFFF
01 015673A0118200
02 00090000000000
03 0561000000FFFF
04 00000000000000
05 00000000000000
06 00000000000000
FF 00000000000000

Packet 241
170
00 024F041572FFFF
01 015773A0119D00
02 00090000000000
03 052E000000FFFF
04 00000000000000
05 00000000000000
06 00000000000000
FF 00000000000000

Packet 242
170
00 024F04157CFFFF
01 015873A0119300
02 00090000000000
03 0561000000FFFF
04 00000000000000
05 00000000000000
06 00000000000000
FF 00000000000000

Packet 243
170
00 024904157FFFFF
01 015873A0119000
02 00090000000000
03 052E000000FFFF
04 00000000000000
05 00000000000000
06 00000000000000
FF 00000000000000

Packet 244
170
00 0248041577FFFF
01 015573A0119800
02 00090000000000
03 0561000000FFFF
04 00000000000000
05 00000000000000
06 00000000000000
FF 00000000000000

Packet 245
170
00 0252041563FFFF
01 015673A011AC00
02 00090000000000
03 052E000000FFFF
04 00000000000000
05 00000000000000
06 00000000000000
FF 00000000000000

Packet 246
170
00 0253041561FFFF
01 015B73A011AE00
02 00090000000000
03 0561000000FFFF
04 00000000000000
05 00000000000000
06 00000000000000
FF 00000000000000

Packet 247
170
00 0250041552FFFF
01 015973A011BD00
02 00090000000000
03 052E000000FFFF
04 00000000000000
05 00000000000000
06 00000000000000
FF 00000000000000

Packet 248
170
00 024B041573FFFF
01 015773A0119C00
02 00090000000000
03 0561000000FFFF
04 00000000000000
05 00000000000000
06 00000000000000
FF 00000000000000

Packet 249
170
00 0248041575FFFF
01 015473A0119A00
02 00090000000000
03 052E000000FFFF
04 00000000000000
05 00000000000000
06 00000000000000
FF 00000000000000

Packet 250
170
00 024604159BFFFF
01 015473A0117400
02 00090000000000
03 0548000000FFFF
04 00000000000000
05 00000000000000
06 00000000000000
FF 00000000000000

Packet 251
170
00 0246041598FFFF
01 015473A0117700
02 00090000000000
03 04E2000000FFFF
04 00000000000000
05 00000000000000
06 00000000000000
FF 00000000000000

Packet 252
170
00 02470415A2FFFF
01 015473A0116D00
02 00090000000000
03 04FB000000FFFF
04 00000000000000
05 00000000000000
06 00000000000000
FF 00000000000000

Packet 253
170
00 024B041584FFFF
01 015573A0118B00
02 00090000000000
03 04FB000000FFFF
04 00000000000000
05 00000000000000
06 00000000000000
FF 00000000000000

Packet 254
170
00 024E04158EFFFF
01 015673A0118100
02 00090000000000
03 0561000000FFFF
04 00000000000000
05 00000000000000
06 00000000000000
FF 00000000000000

Packet 255
170
00 024F041574FFFF
01 015873A0119B00
02 00090000000000
03 052E000000FFFF
04 00000000000000
05 00000000000000
06 00000000000000
FF 00000000000000

Packet 256
170
00 0251041565FFFF
01 015673A011AA00
02 00090000000000
03 0561000000FFFF
04 00000000000000
05 00000000000000
06 00000000000000
FF 00000000000000

Packet 257
170
00 024F041576FFFF
01 015873A0119900
02 00090000000000
03 052E000000FFFF
04 00000000000000
05 00000000000000
06 00000000000000
FF 00000000000000

Packet 258
170
00 0245041593FFFF
01 015673A0117C00
02 00090000000000
03 0561000000FFFF
04 00000000000000
05 00000000000000
06 00000000000000
FF 00000000000000

Packet 259
170
00 02400415ABFFFF
01 015373A0116400
02 00090000000000
03 052E000000FFFF
04 00000000000000
05 00000000000000
06 00000000000000
FF 00000000000000

Packet 260
170
00 02390415DBFFFF
01 015073A0113400
02 00090000000000
03 0561000000FFFF
04 00000000000000
05 00000000000000
06 00000000000000
FF 00000000000000

Packet 261
170
00 023B0415CBFFFF
01 014F73A0114400
02 00090000000000
03 052E000000FFFF
04 00000000000000
05 00000000000000
06 00000000000000
FF 00000000000000

Packet 262
170
00 024A0415A2FFFF
01 015173A0116D00
02 00090000000000
03 0561000000FFFF
04 00000000000000
05 00000000000000
06 00000000000000
FF 00000000000000

Packet 263
170
00 0250041591FFFF
01 015973A0117E00
02 00090000000000
03 052E000000FFFF
04 00000000000000
05 00000000000000
06 00000000000000
FF 00000000000000

Packet 264
170
00 024A0415A9FFFF
01 015973A0116600
02 00090000000000
03 0561000000FFFF
04 00000000000000
05 00000000000000
06 00000000000000
FF 00000000000000

Packet 265
170
00 02400415B2FFFF
01 015673A0115D00
02 00090000000000
03 0548000000FFFF
04 00000000000000
05 00000000000000
06 00000000000000
FF 00000000000000

Packet 266
170
00 023F0415B7FFFF
01 015073A0115800
02 00090000000000
03 0561000000FFFF
04 00000000000000
05 00000000000000
06 00000000000000
FF 00000000000000

Packet 267
170
00 02410415AEFFFF
01 015373A0116100
02 00090000000000
03 052E000000FFFF
04 00000000000000
05 00000000000000
06 00000000000000
FF 00000000000000

Packet 268
170
00 024904159BFFFF
01 015373A0117400
02 00090000000000
03 0561000000FFFF
04 00000000000000
05 00000000000000
06 00000000000000
FF 00000000000000

Packet 269
170
00 024A0415B0FFFF
01 015973A0115F00
02 00090000000000
03 052E000000FFFF
04 00000000000000
05 00000000000000
06 00000000000000
FF 00000000000000

Packet 270
170
00 02460415B4FFFF
01 015873A0115B00
02 00090000000000
03 04AE000000FFFF
04 00000000000000
05 00000000000000
06 00000000000000
FF 00000000000000

Packet 271
170
00 02470415A3FFFF
01 015773A0116C00
02 00090000000000
03 04C8000000FFFF
04 00000000000000
05 00000000000000
06 00000000000000
FF 00000000000000

Packet 272
170
00 024B041594FFFF
01 015573A0117B00
02 00090000000000
03 0548000000FFFF
04 00000000000000
05 00000000000000
06 00000000000000
FF 00000000000000

Packet 273
170
00 024D041595FFFF
01 015773A0117A00
02 00090000000000
03 052E000000FFFF
04 00000000000000
05 00000000000000
06 00000000000000
FF 00000000000000

Packet 274
170
00 02470415A6FFFF
01 015773A0116900
02 00090000000000
03 0561000000FFFF
04 00000000000000
05 00000000000000
06 00000000000000
FF 00000000000000

Packet 275
170
00 023F0415ABFFFF
01 015473A0116400
02 00090000000000
03 052E000000FFFF
04 00000000000000
05 00000000000000
06 00000000000000
FF 00000000000000

Packet 276
170
00 024004159DFFFF
01 015273A0117200
02 00090000000000
03 0561000000FFFF
04 00000000000000
05 00000000000000
06 00000000000000
FF 00000000000000

Packet 277
170
00 024704158FFFFF
01 015273A0118000
02 00090000000000
03 0548000000FFFF
04 00000000000000
05 00000000000000
06 00000000000000
FF 00000000000000

Packet 278
170
00 024C041592FFFF
01 015773A0117D00
02 00090000000000
03 0561000000FFFF
04 00000000000000
05 00000000000000
06 00000000000000
FF 00000000000000

Packet 279
170
00 024A041598FFFF
01 015873A0117700
02 00090000000000
03 0548000000FFFF
04 00000000000000
05 00000000000000
06 00000000000000
FF 00000000000000

Packet 280
170
00 0249041596FFFF
01 015673A0117900
02 00090000000000
03 0561000000FFFF
04 00000000000000
05 00000000000000
06 00000000000000
FF 00000000000000

Packet 281
170
00 0249041597FFFF
01 015673A0117800
02 00090000000000
03 052E000000FFFF
04 00000000000000
05 00000000000000
06 00000000000000
FF 00000000000000

Packet 282
170
00 024804159BFFFF
01 015773A0117400
02 00090000000000
03 0561000000FFFF
04 00000000000000
05 00000000000000
06 00000000000000
FF 00000000000000

Packet 283
170
00 02440415A2FFFF
01 015673A0116D00
02 00090000000000
03 0548000000FFFF
04 00000000000000
05 00000000000000
06 00000000000000
FF 00000000000000

Packet 284
170
00 0244041589FFFF
01 015573A0118600
02 00090000000000
03 0561000000FFFF
04 00000000000000
05 00000000000000
06 00000000000000
FF 00000000000000

Packet 285
170
00 0247041589FFFF
01 015373A0118600
02 00090000000000
03 0548000000FFFF
04 00000000000000
05 00000000000000
06 00000000000000
FF 00000000000000

Packet 286
170
00 024B041573FFFF
01 015673A0119C00
02 00090000000000
03 0561000000FFFF
04 00000000000000
05 00000000000000
06 00000000000000
FF 00000000000000

Packet 287
170
00 024B04157BFFFF
01 015573A0119400
02 00090000000000
03 052E000000FFFF
04 00000000000000
05 00000000000000
06 00000000000000
FF 00000000000000

Packet 288
170
00 024D041567FFFF
01 015573A011A800
02 00090000000000
03 0561000000FFFF
04 00000000000000
05 00000000000000
06 00000000000000
FF 00000000000000

Packet 289
170
00 024C041590FFFF
01 015673A0117F00
02 00090000000000
03 052E000000FFFF
04 00000000000000
05 00000000000000
06 00000000000000
FF 00000000000000

Packet 290
170
00 02420415AFFFFF
01 015573A0116000
02 00090000000000
03 052E000000FFFF
04 00000000000000
05 00000000000000
06 00000000000000
FF 00000000000000

Packet 291
170
00 02370415D1FFFF
01 015173A0113E00
02 00090000000000
03 0548000000FFFF
04 00000000000000
05 00000000000000
06 00000000000000
FF 00000000000000

Packet 292
170
00 02350415CCFFFF
01 014D73A0114300
02 00090000000000
03 0561000000FFFF
04 00000000000000
05 00000000000000
06 00000000000000
FF 00000000000000

Packet 293
170
00 02380415E4FFFF
01 014D73A0112B00
02 00090000000000
03 0548000000FFFF
04 00000000000000
05 00000000000000
06 00000000000000
FF 00000000000000

Packet 294
170
00 023C0415D8FFFF
01 015173A0113700
02 00090000000000
03 0561000000FFFF
04 00000000000000
05 00000000000000
06 00000000000000
FF 00000000000000

Packet 295
170
00 02470415A7FFFF
01 015273A0116800
02 00090000000000
03 0548000000FFFF
04 00000000000000
05 00000000000000
06 00000000000000
FF 00000000000000

Packet 296
170
00 025104158FFFFF
01 015773A0118000
02 00090000000000
03 0561000000FFFF
04 00000000000000
05 00000000000000
06 00000000000000
FF 00000000000000

Packet 297
170
00 0250041593FFFF
01 015973A0117C00
02 00090000000000
03 0548000000FFFF
04 00000000000000
05 00000000000000
06 00000000000000
FF 00000000000000

Packet 298
170
00 024C041586FFFF
01 015673A0118900
02 00090000000000
03 0561000000FFFF
04 00000000000000
05 00000000000000
06 00000000000000
FF 00000000000000

Packet 299
170
00 024904158FFFFF
01 015473A0118000
02 00090000000000
03 0548000000FFFF
04 00000000000000
05 00000000000000
06 00000000000000
FF 00000000000000

Packet 300
170
00 024504158EFFFF
01 015373A0118100
02 00090000000000
03 0561000000FFFF
04 00000000000000
05 00000000000000
06 00000000000000
FF 00000000000000

Packet 301
170
00 024804157BFFFF
01 015073A0119400
02 00090000000000
03 0548000000FFFF
04 00000000000000
05 00000000000000
06 00000000000000
FF 00000000000000

Packet 302
170
00 024E04156AFFFF
01 015473A011A500
02 00090000000000
03 0561000000FFFF
04 00000000000000
05 00000000000000
06 00000000000000
FF 00000000000000

Packet 303
170
00 024904157EFFFF
01 015573A0119100
02 00090000000000
03 0548000000FFFF
04 00000000000000
05 00000000000000
06 00000000000000
FF 00000000000000

Packet 304
170
00 0242041599FFFF
01 015373A0117600
02 00090000000000
03 0561000000FFFF
04 00000000000000
05 00000000000000
06 00000000000000
FF 00000000000000

Packet 305
170
00 02410415A9FFFF
01 015073A0116600
02 00090000000000
03 0548000000FFFF
04 00000000000000
05 00000000000000
06 00000000000000
FF 00000000000000

Packet 306
170
00 02420415B6FFFF
01 015073A0115900
02 00090000000000
03 04AE000000FFFF
04 00000000000000
05 00000000000000
06 00000000000000
FF 00000000000000

Packet 307
170
00 02420415ABFFFF
01 015173A0116400
02 00090000000000
03 0548000000FFFF
04 00000000000000
05 00000000000000
06 00000000000000
FF 00000000000000

Packet 308
170
00 0244041598FFFF
01 015373A0117700
02 00090000000000
03 0561000000FFFF
04 00000000000000
05 00000000000000
06 00000000000000
FF 00000000000000

Packet 309
170
00 024804158CFFFF
01 015273A0118300
02 00090000000000
03 0548000000FFFF
04 00000000000000
05 00000000000000
06 00000000000000
FF 00000000000000

Packet 310
170
00 0249041580FFFF
01 015673A0118F00
02 00090000000000
03 0561000000FFFF
04 00000000000000
05 00000000000000
06 00000000000000
FF 00000000000000

Packet 311
170
00 024504158DFFFF
01 015373A0118200
02 00090000000000
03 0548000000FFFF
04 00000000000000
05 00000000000000
06 00000000000000
FF 00000000000000

Packet 312
170
00 02420415A0FFFF
01 015373A0116F00
02 00090000000000
03 0561000000FFFF
04 00000000000000
05 00000000000000
06 00000000000000
FF 00000000000000

Packet 313
170
00 0242041597FFFF
01 015373A0117800
02 00090000000000
03 0548000000FFFF
04 00000000000000
05 00000000000000
06 00000000000000
FF 00000000000000

Packet 314
170
00 024304159FFFFF
01 015273A0117000
02 00090000000000
03 0561000000FFFF
04 00000000000000
05 00000000000000
06 00000000000000
FF 00000000000000

Packet 315
170
00 0246041594FFFF
01 015373A0117B00
02 00090000000000
03 0548000000FFFF
04 00000000000000
05 00000000000000
06 00000000000000
FF 00000000000000

Packet 316
170
00 0246041594FFFF
01 015473A0117B00
02 00090000000000
03 0561000000FFFF
04 00000000000000
05 00000000000000
06 00000000000000
FF 00000000000000

Packet 317
170
00 0248041573FFFF
01 015373A0119C00
02 00090000000000
03 0548000000FFFF
04 00000000000000
05 00000000000000
06 00000000000000
FF 00000000000000

Packet 318
170
00 025204155AFFFF
01 015473A011B500
02 00090000000000
03 0561000000FFFF
04 00000000000000
05 00000000000000
06 00000000000000
FF 00000000000000

Packet 319
170
00 025104155BFFFF
01 015873A011B400
02 00090000000000
03 0548000000FFFF
04 00000000000000
05 00000000000000
06 00000000000000
FF 00000000000000

Packet 320
170
00 0245041571FFFF
01 015673A0119E00
02 00090000000000
03 0561000000FFFF
04 00000000000000
05 00000000000000
06 00000000000000
FF 00000000000000

Packet 321
170
00 0241041572FFFF
01 015073A0119D00
02 00090000000000
03 0548000000FFFF
04 00000000000000
05 00000000000000
06 00000000000000
FF 00000000000000

Packet 322
170
00 0241041594FFFF
01 014E73A0117B00
02 00090000000000
03 0561000000FFFF
04 00000000000000
05 00000000000000
06 00000000000000
FF 00000000000000

Packet 323
170
00 024104157FFFFF
01 014E73A0119000
02 00090000000000
03 052E000000FFFF
04 00000000000000
05 00000000000000
06 00000000000000
FF 00000000000000

Packet 324
170
00 024A041574FFFF
01 014F73A0119B00
02 00090000000000
03 04FB000000FFFF
04 00000000000000
05 00000000000000
06 00000000000000
FF 00000000000000

Packet 325
170
00 0250041564FFFF
01 015573A011AB00
02 00090000000000
03 0495000000FFFF
04 00000000000000
05 00000000000000
06 00000000000000
FF 00000000000000

Packet 326
170
00 024704157DFFFF
01 015373A0119200
02 00090000000000
03 0561000000FFFF
04 00000000000000
05 00000000000000
06 00000000000000
FF 00000000000000

Packet 327
170
00 023E041588FFFF
01 014E73A0118700
02 00090000000000
03 0548000000FFFF
04 00000000000000
05 00000000000000
06 00000000000000
FF 00000000000000

Packet 328
170
00 0243041578FFFF
01 014D73A0119700
02 00090000000000
03 0561000000FFFF
04 00000000000000
05 00000000000000
06 00000000000000
FF 00000000000000

Packet 329
170
00 0249041562FFFF
01 015073A011AD00
02 00090000000000
03 0548000000FFFF
04 00000000000000
05 00000000000000
06 00000000000000
FF 00000000000000

Packet 330
170
00 0249041573FFFF
01 015373A0119C00
02 00090000000000
03 0561000000FFFF
04 00000000000000
05 00000000000000
06 00000000000000
FF 00000000000000

Packet 331
170
00 024504157FFFFF
01 015273A0119000
02 00090000000000
03 0561000000FFFF
04 00000000000000
05 00000000000000
06 00000000000000
FF 00000000000000

Packet 332
170
00 024304159BFFFF
01 014F73A0117400
02 00090000000000
03 0561000000FFFF
04 00000000000000
05 00000000000000
06 00000000000000
FF 00000000000000

Packet 333
170
00 023F0415A1FFFF
01 014E73A0116E00
02 00090000000000
03 0548000000FFFF
04 00000000000000
05 00000000000000
06 00000000000000
FF 00000000000000

Packet 334
170
00 023E0415A2FFFF
01 014D73A0116D00
02 00090000000000
03 0561000000FFFF
04 00000000000000
05 00000000000000
06 00000000000000
FF 00000000000000

Packet 335
170
00 0241041590FFFF
01 014E73A0117F00
02 00090000000000
03 0561000000FFFF
04 00000000000000
05 00000000000000
06 00000000000000
FF 00000000000000

Packet 336
170
00 0244041583FFFF
01 014D73A0118C00
02 00090000000000
03 0561000000FFFF
04 00000000000000
05 00000000000000
06 00000000000000
FF 00000000000000

Packet 337
170
00 0243041596FFFF
01 015273A0117900
02 00090000000000
03 0548000000FFFF
04 00000000000000
05 00000000000000
06 00000000000000
FF 00000000000000

Packet 338
170
00 023F0415A7FFFF
01 015073A0116800
02 00090000000000
03 0548000000FFFF
04 00000000000000
05 00000000000000
06 00000000000000
FF 00000000000000

Packet 339
170
00 0240041599FFFF
01 014E73A0117600
02 00090000000000
03 047B000000FFFF
04 00000000000000
05 00000000000000
06 00000000000000
FF 00000000000000

Packet 340
170
00 0243041590FFFF
01 014D73A0117F00
02 00090000000000
03 0548000000FFFF
04 00000000000000
05 00000000000000
06 00000000000000
FF 00000000000000

Packet 341
170
00 0243041592FFFF
01 015173A0117D00
02 00090000000000
03 0548000000FFFF
04 00000000000000
05 00000000000000
06 00000000000000
FF 00000000000000

Packet 342
170
00 0243041586FFFF
01 015073A0118900
02 00090000000000
03 0561000000FFFF
04 00000000000000
05 00000000000000
06 00000000000000
FF 00000000000000

Packet 343
170
00 024004158EFFFF
01 015073A0118100
02 00090000000000
03 0548000000FFFF
04 00000000000000
05 00000000000000
06 00000000000000
FF 00000000000000

Packet 344
170
00 02360415D0FFFF
01 014F73A0113F00
02 00090000000000
03 0561000000FFFF
04 00000000000000
05 00000000000000
06 00000000000000
FF 00000000000000

Packet 345
170
00 02310415C2FFFF
01 014A73A0114D00
02 00090000000000
03 0561000000FFFF
04 00000000000000
05 00000000000000
06 00000000000000
FF 00000000000000

Packet 346
170
00 024304157FFFFF
01 014973A0119000
02 00090000000000
03 0561000000FFFF
04 00000000000000
05 00000000000000
06 00000000000000
FF 00000000000000

Packet 347
170
00 025104156DFFFF
01 015473A011A200
02 00090000000000
03 0561000000FFFF
04 00000000000000
05 00000000000000
06 00000000000000
FF 00000000000000

Packet 348
170
00 024A04155AFFFF
01 015673A011B500
02 00090000000000
03 0561000000FFFF
04 00000000000000
05 00000000000000
06 00000000000000
FF 00000000000000

Packet 349
170
00 024004156AFFFF
01 015073A011A500
02 00090000000000
03 0548000000FFFF
04 00000000000000
05 00000000000000
06 00000000000000
FF 00000000000000

Packet 350
170
00 023C04156FFFFF
01 014C73A011A000
02 00090000000000
03 0561000000FFFF
04 00000000000000
05 00000000000000
06 00000000000000
FF 00000000000000

Packet 351
170
00 023E041577FFFF
01 014973A0119800
02 00090000000000
03 0548000000FFFF
04 00000000000000
05 00000000000000
06 00000000000000
FF 00000000000000

Packet 352
170
00 024604156CFFFF
01 014C73A011A300
02 00090000000000
03 0548000000FFFF
04 00000000000000
05 00000000000000
06 00000000000000
FF 00000000000000

Packet 353
170
00 0244041578FFFF
01 014F73A0119700
02 00090000000000
03 04FB000000FFFF
04 00000000000000
05 00000000000000
06 00000000000000
FF 00000000000000

Packet 354
170
00 024304156AFFFF
01 014D73A011A500
02 00090000000000
03 0561000000FFFF
04 00000000000000
05 00000000000000
06 00000000000000
FF 00000000000000

Packet 355
170
00 024804155BFFFF
01 014D73A011B400
02 00090000000000
03 0561000000FFFF
04 00000000000000
05 00000000000000
06 00000000000000
FF 00000000000000

Packet 356
170
00 024A041546FFFF
01 015073A011C900
02 00090000000000
03 0561000000FFFF
04 00000000000000
05 00000000000000
06 00000000000000
FF 00000000000000

Packet 357
170
00 024A041541FFFF
01 014F73A011CE00
02 00090000000000
03 0561000000FFFF
04 00000000000000
05 00000000000000
06 00000000000000
FF 00000000000000

Packet 358
170
00 024A04152FFFFF
01 014E73A011E000
02 00090000000000
03 0561000000FFFF
04 00000000000000
05 00000000000000
06 00000000000000
FF 00000000000000

Packet 359
170
00 0245041555FFFF
01 014E73A011BA00
02 00090000000000
03 0561000000FFFF
04 00000000000000
05 00000000000000
06 00000000000000
FF 00000000000000

Packet 360
170
00 024104154FFFFF
01 014B73A011C000
02 00090000000000
03 0561000000FFFF
04 00000000000000
05 00000000000000
06 00000000000000
FF 00000000000000

Packet 361
170
00 0247041547FFFF
01 014973A011C800
02 00090000000000
03 0561000000FFFF
04 00000000000000
05 00000000000000
06 00000000000000
FF 00000000000000

Packet 362
170
00 024804154AFFFF
01 014D73A011C500
02 00090000000000
03 0561000000FFFF
04 00000000000000
05 00000000000000
06 00000000000000
FF 00000000000000

Packet 363
170
00 0245041556FFFF
01 014B73A011B900
02 00090000000000
03 0561000000FFFF
04 00000000000000
05 00000000000000
06 00000000000000
FF 00000000000000

Packet 364
170
00 0242041560FFFF
01 014C73A011AF00
02 00090000000000
03 0561000000FFFF
04 00000000000000
05 00000000000000
06 00000000000000
FF 00000000000000

Packet 365
170
00 0239041575FFFF
01 014973A0119A00
02 00090000000000
03 0561000000FFFF
04 00000000000000
05 00000000000000
06 00000000000000
FF 00000000000000

Packet 366
170
00 0238041579FFFF
01 014873A0119600
02 00090000000000
03 0548000000FFFF
04 00000000000000
05 00000000000000
06 00000000000000
FF 00000000000000

Packet 367
170
00 023F041562FFFF
01 014673A011AD00
02 00090000000000
03 0561000000FFFF
04 00000000000000
05 00000000000000
06 00000000000000
FF 00000000000000

Packet 368
170
00 0248041550FFFF
01 014B73A011BF00
02 00090000000000
03 0548000000FFFF
04 00000000000000
05 00000000000000
06 00000000000000
FF 00000000000000

Packet 369
170
00 024A041549FFFF
01 014E73A011C600
02 00090000000000
03 04C8000000FFFF
04 00000000000000
05 00000000000000
06 00000000000000
FF 00000000000000

Packet 370
170
00 0249041541FFFF
01 014E73A011CE00
02 00090000000000
03 0548000000FFFF
04 00000000000000
05 00000000000000
06 00000000000000
FF 00000000000000

Packet 371
170
00 024504153EFFFF
01 014C73A011D100
02 00090000000000
03 0561000000FFFF
04 00000000000000
05 00000000000000
06 00000000000000
FF 00000000000000

Packet 372
170
00 024304153FFFFF
01 014B73A011D000
02 00090000000000
03 0561000000FFFF
04 00000000000000
05 00000000000000
06 00000000000000
FF 00000000000000

Packet 373
170
00 023D041559FFFF
01 014973A011B600
02 00090000000000
03 0561000000FFFF
04 00000000000000
05 00000000000000
06 00000000000000
FF 00000000000000
